0
0.382683
0.707107
0.92388
1
0.92388
0.707107
0.382683
1.50996e-007
-0.382683
-0.707107
-0.92388
-1
-0.923879
-0.707107
-0.382683
6.51683e-007
0.382684
0.707107
0.92388
1
0.923879
0.707106
0.382682
-1.9312e-006
-0.382685
-0.707108
-0.92388
-1
-0.923878
-0.707105
-0.382681
3.21071e-006
0.382687
0.707109
0.923881
1
0.923878
0.707104
0.382679
-4.49023e-006
-0.382687
-0.707109
-0.92388
-1
-0.923879
-0.707107
-0.382684
-1.85965e-006
0.382681
0.707104
0.923878
1
0.923882
0.707111
0.38269
8.20953e-006
-0.382675
-0.7071
-0.923875
-1
-0.923884
-0.707116
-0.382696
-1.45594e-005
0.382669
0.707095
0.923873
1
0.923887
0.70712
0.382702
2.09093e-005
-0.382663
-0.707091
-0.923871
-1
-0.923889
-0.707125
-0.382708
-2.72592e-005
0.382658
0.707088
0.92387
1
0.923889
0.707123
0.382703
2.02576e-005
-0.382666
-0.707094
-0.923873
-1
-0.923885
-0.707116
-0.382695
-1.13487e-005
0.382674
0.7071
0.923876
1
0.923882
0.70711
0.382687
2.43978e-006
-0.382682
-0.707107
-0.92388
-1
-0.923878
-0.707104
-0.382678
6.46913e-006
0.38269
0.707113
0.923883
1
0.923875
0.707097
0.38267
-1.5378e-005
-0.382699
-0.707119
-0.923887
-1
-0.923872
-0.707091
-0.382662
2.42869e-005
0.382707
0.707126
0.92389
1
0.923868
0.707085
0.382654
-3.31959e-005
-0.382715
-0.707132
-0.923894
-1
-0.923865
-0.707079
-0.382646
4.21048e-005
0.382723
0.707138
0.923897
1
0.923861
0.707072
0.382637
-5.10137e-005
-0.382732
-0.707144
-0.9239
-1
-0.923858
-0.707066
-0.382629
5.99226e-005
0.38274
0.707151
0.923902
1
0.923856
0.707062
0.382624
-6.50168e-005
-0.382745
-0.707154
-0.923906
-1
-0.923853
-0.707056
-0.382616
7.39257e-005
0.382753
0.707161
0.923909
1
0.923849
0.70705
0.382608
-8.28346e-005
-0.382761
-0.707167
-0.923913
-1
-0.923846
-0.707043
-0.3826
